1
1
1
0
2
2
7
6
1
0
0
0
1
1
1
1
0
0
5
6
7
1
3
4
0
0
0
1
0
1
0
0
12
12
17
-12
12
20
12
12
1
0
1
0
0
1
0
0
12
29
12
12
12
12
12
12
0
1
0
0
0
0
0
0
0
0
0
0
3
3
0
3
0
0
0
0
1
1
0
1
0
3
0
0
0
0
0
0
0
1
0
0
0
0
0
0
12
12
12
12
12
12
12
12
0
0
0
0
0
0
0
0
12
-12
12
12
12
12
12
12
0
1
0
0
0
0
0
0
0
6
6
6
7
6
7
0
0
1
1
1
1
1
1
0
0
0
7
2
7
0
0
0
0
0
1
1
1
1
0
0
12
12
8
22
-5
18
12
-24
0
0
1
1
1
0
0
0
12
20
19
21
18
12
12
12
0
0
1
1
1
0
0
0
6
10
3
10
10
8
-12
45
59
2
2
2
0
0
0
0
0
0
0
0
0
0
0
0
0
0
0
0
0
0
0
0
1
1
0
0
0
0
0
0
0
0
0
0
0
0
1
0
0
0
0
0
0
0
0
0
0
0
0
0
0
0
0
0
0
0
0
0
0
0
0
0
0
0
0
0
0
0
0
0
0
0
0
0
0
0
0
0
0
0
0
0
0
0
0
0
0
0
0
0
0
0
0
0
0
0
0
0
